36-in refrigerator

Rel i       DCG
0      3  3.000000
1      2  1.261860
2      3  1.500000
3      3  1.292030
4      3  1.160558
5      3  1.068622
6      3  1.000000
7      3  0.946395
8      3  0.903090
9      3  0.867194


DCG ranking for WHOOSH is:  12.99974826069358


   Rel i       DCG
0      2  2.000000
1      2  1.261860
2      2  1.000000
3      2  0.861353
4      2  0.773706
5      2  0.712414
6      2  0.666667
7      2  0.630930
8      2  0.602060
9      2  0.578130


DCG ranking for JINA is:  9.08711867617669

_______________________________________________________________________

mini fridge freezer

   Rel i       DCG
0      3  3.000000
1      3  1.892789
2      3  1.500000
3      3  1.292030
4      3  1.160558
5      3  1.068622
6      3  1.000000
7      3  0.946395
8      3  0.903090
9      3  0.867194


DCG ranking for WHOOSH is:  13.630678014265039


   Rel i       DCG
0      2  2.000000
1      3  1.892789
2      3  1.500000
3      2  0.861353
4      2  0.773706
5      2  0.712414
6      3  1.000000
7      3  0.946395
8      2  0.602060
9      2  0.578130


DCG ranking for JINA is:  10.86684663986721


_______________________________________________________________________



stainless steel french door refrigerator

   Rel i       DCG
0      3  3.000000
1      3  1.892789
2      3  1.500000
3      3  1.292030
4      3  1.160558
5      3  1.068622
6      3  1.000000
7      2  0.630930
8      2  0.602060
9      2  0.578130


DCG ranking for WHOOSH is:  12.72511831549744


   Rel i       DCG
0      2  2.000000
1      2  1.261860
2      2  1.000000
3      2  0.861353
4      2  0.773706
5      2  0.712414
6      2  0.666667
7      3  0.946395
8      3  0.903090
9      3  0.867194


DCG ranking for JINA is:  9.992678374944289


_______________________________________________________________________


black refrigerator top-freezer

Rel i       DCG
0      3  3.000000
1      3  1.892789
2      3  1.500000
3      2  0.861353
4      2  0.773706
5      3  1.068622
6      3  1.000000
7      3  0.946395
8      3  0.903090
9      3  0.867194


DCG ranking for WHOOSH is:  12.813148648957101


   Rel i       DCG
0      3  3.000000
1      3  1.892789
2      2  1.000000
3      3  1.292030
4      3  1.160558
5      2  0.712414
6      2  0.666667
7      3  0.946395
8      2  0.602060
9      2  0.578130


DCG ranking for JINA is:  11.851042671841812


_______________________________________________________________________

white refrigerator with ice maker

 Rel i       DCG
0      3  3.000000
1      3  1.892789
2      3  1.500000
3      3  1.292030
4      3  1.160558
5      3  1.068622
6      3  1.000000
7      3  0.946395
8      3  0.903090
9      3  0.867194


DCG ranking for WHOOSH is:  13.630678014265039


   Rel i       DCG
0      2  2.000000
1      3  1.892789
2      2  1.000000
3      2  0.861353
4      2  0.773706
5      2  0.712414
6      3  1.000000
7      3  0.946395
8      3  0.903090
9      2  0.578130


DCG ranking for JINA is:  10.667876635531192


_______________________________________________________________________


refrigerator bottom-freezer

  Rel i       DCG
0      3  3.000000
1      3  1.892789
2      3  1.500000
3      3  1.292030
4      3  1.160558
5      3  1.068622
6      3  1.000000
7      3  0.946395
8      3  0.903090
9      3  0.867194


DCG ranking for WHOOSH is:  13.630678014265039


   Rel i       DCG
0      2  2.000000
1      2  1.261860
2      3  1.500000
3      3  1.292030
4      2  0.773706
5      2  0.712414
6      2  0.666667
7      3  0.946395
8      2  0.602060
9      2  0.578130


DCG ranking for JINA is:  10.333260111035813


_______________________________________________________________________



black bottom-freezer refrigerator

Rel i       DCG
0      3  3.000000
1      3  1.892789
2      3  1.500000
3      3  1.292030
4      3  1.160558
5      3  1.068622
6      3  1.000000
7      2  0.630930
8      3  0.903090
9      3  0.867194


DCG ranking for WHOOSH is:  13.31521313747931


   Rel i       DCG
0      1  1.000000
1      1  0.630930
2      2  1.000000
3      2  0.861353
4      2  0.773706
5      1  0.356207
6      2  0.666667
7      3  0.946395
8      3  0.903090
9      3  0.867194


DCG ranking for JINA is:  8.005541434264808


_______________________________________________________________________

freezerless refrigerator

 Rel i       DCG
0      3  3.000000
1      3  1.892789
2      3  1.500000
3      3  1.292030
4      3  1.160558
5      3  1.068622
6      3  1.000000
7      3  0.946395
8      3  0.903090
9      3  0.867194


DCG ranking for WHOOSH is:  13.630678014265039


   Rel i       DCG
0      2  2.000000
1      2  1.261860
2      2  1.000000
3      2  0.861353
4      3  1.160558
5      3  1.068622
6      2  0.666667
7      3  0.946395
8      3  0.903090
9      3  0.867194


DCG ranking for JINA is:  10.735738369286853


_______________________________________________________________________

freestanding mini fridge

Rel i       DCG
0      3  3.000000
1      3  1.892789
2      3  1.500000
3      3  1.292030
4      3  1.160558
5      3  1.068622
6      3  1.000000
7      3  0.946395
8      3  0.903090
9      3  0.867194


DCG ranking for WHOOSH is:  13.630678014265039


   Rel i       DCG
0      2  2.000000
1      2  1.261860
2      2  1.000000
3      2  0.861353
4      2  0.773706
5      2  0.712414
6      2  0.666667
7      2  0.630930
8      3  0.903090
9      3  0.867194


DCG ranking for JINA is:  9.67721349815856


_______________________________________________________________________

whirlpool refrigerator

Rel i       DCG
0      3  3.000000
1      3  1.892789
2      3  1.500000
3      3  1.292030
4      3  1.160558
5      3  1.068622
6      3  1.000000
7      3  0.946395
8      3  0.903090
9      3  0.867194


DCG ranking for WHOOSH is:  13.630678014265039


   Rel i       DCG
0      3  3.000000
1      3  1.892789
2      3  1.500000
3      3  1.292030
4      3  1.160558
5      3  1.068622
6      3  1.000000
7      3  0.946395
8      3  0.903090
9      3  0.867194


DCG ranking for JINA is:  13.630678014265039


_______________________________________________________________________


LG wi-fi refrigerator

   Rel i       DCG
0      3  3.000000
1      3  1.892789
2      3  1.500000
3      3  1.292030
4      3  1.160558
5      3  1.068622
6      3  1.000000
7      3  0.946395
8      3  0.903090
9      3  0.867194


DCG ranking for WHOOSH is:  13.630678014265039


   Rel i       DCG
0      2  2.000000
1      2  1.261860
2      2  1.000000
3      2  0.861353
4      2  0.773706
5      2  0.712414
6      2  0.666667
7      2  0.630930
8      2  0.602060
9      2  0.578130


DCG ranking for JINA is:  9.08711867617669


_______________________________________________________________________


side-by-side  refrigerator

  Rel i       DCG
0      3  3.000000
1      3  1.892789
2      3  1.500000
3      3  1.292030
4      3  1.160558
5      3  1.068622
6      3  1.000000
7      3  0.946395
8      3  0.903090
9      3  0.867194


DCG ranking for WHOOSH is:  13.630678014265039


   Rel i       DCG
0      2  2.000000
1      2  1.261860
2      2  1.000000
3      2  0.861353
4      2  0.773706
5      2  0.712414
6      3  1.000000
7      3  0.946395
8      3  0.903090
9      3  0.867194


DCG ranking for JINA is:  10.326011708277623


_______________________________________________________________________

counter depth black fridge

   Rel i       DCG
0      3  3.000000
1      2  1.261860
2      3  1.500000
3      3  1.292030
4      3  1.160558
5      3  1.068622
6      2  0.666667
7      2  0.630930
8      2  0.602060
9      2  0.578130


DCG ranking for WHOOSH is:  11.760855228592648


   Rel i       DCG
0      3  3.000000
1      2  1.261860
2      2  1.000000
3      2  0.861353
4      3  1.160558
5      3  1.068622
6      2  0.666667
7      2  0.630930
8      2  0.602060
9      2  0.578130


DCG ranking for JINA is:  10.830178670519253


_______________________________________________________________________


2.8-cu ft fridge

  Rel i       DCG
0      3  3.000000
1      3  1.892789
2      3  1.500000
3      2  0.861353
4      2  0.773706
5      2  0.712414
6      2  0.666667
7      2  0.630930
8      2  0.602060
9      2  0.578130


DCG ranking for WHOOSH is:  11.218048429748146


   Rel i       DCG
0      2  2.000000
1      2  1.261860
2      2  1.000000
3      2  0.861353
4      2  0.773706
5      2  0.712414
6      2  0.666667
7      2  0.630930
8      2  0.602060
9      2  0.578130


DCG ranking for JINA is:  9.08711867617669


_______________________________________________________________________


0.7-cu concord mini fridge in blue

  Rel i       DCG
0      3  3.000000
1      2  1.261860
2      2  1.000000
3      2  0.861353
4      2  0.773706
5      2  0.712414
6      2  0.666667
7      2  0.630930
8      2  0.602060
9      2  0.578130


DCG ranking for WHOOSH is:  10.08711867617669


   Rel i       DCG
0      2  2.000000
1      3  1.892789
2      3  1.500000
3      3  1.292030
4      3  1.160558
5      3  1.068622
6      3  1.000000
7      3  0.946395
8      3  0.903090
9      3  0.867194


DCG ranking for JINA is:  12.630678014265037


_______________________________________________________________________

concord mini fridge

   Rel i       DCG
0      3  3.000000
1      3  1.892789
2      3  1.500000
3      2  0.861353
4      2  0.773706
5      2  0.712414
6      2  0.666667
7      2  0.630930
8      2  0.602060
9      2  0.578130


DCG ranking for WHOOSH is:  11.218048429748146


   Rel i       DCG
0      3  3.000000
1      3  1.892789
2      3  1.500000
3      2  0.861353
4      2  0.773706
5      2  0.712414
6      2  0.666667
7      2  0.630930
8      2  0.602060
9      2  0.578130


DCG ranking for JINA is:  11.218048429748146


_______________________________________________________________________


counter-depth refrigerator in black

 Rel i       DCG
0      3  3.000000
1      3  1.892789
2      3  1.500000
3      3  1.292030
4      3  1.160558
5      3  1.068622
6      3  1.000000
7      3  0.946395
8      3  0.903090
9      3  0.867194


DCG ranking for WHOOSH is:  13.630678014265039


   Rel i       DCG
0      3  3.000000
1      3  1.892789
2      3  1.500000
3      2  0.861353
4      2  0.773706
5      2  0.712414
6      2  0.666667
7      2  0.630930
8      2  0.602060
9      2  0.578130


DCG ranking for JINA is:  11.218048429748146


_______________________________________________________________________


french door refrigerator with printshield

  Rel i       DCG
0      3  3.000000
1      3  1.892789
2      3  1.500000
3      3  1.292030
4      3  1.160558
5      3  1.068622
6      3  1.000000
7      3  0.946395
8      3  0.903090
9      3  0.867194


DCG ranking for WHOOSH is:  13.630678014265039


   Rel i       DCG
0      2  2.000000
1      2  1.261860
2      2  1.000000
3      2  0.861353
4      2  0.773706
5      2  0.712414
6      2  0.666667
7      2  0.630930
8      3  0.903090
9      3  0.867194


DCG ranking for JINA is:  9.67721349815856


_______________________________________________________________________


4-door refrigerator

  Rel i       DCG
0      3  3.000000
1      3  1.892789
2      3  1.500000
3      3  1.292030
4      3  1.160558
5      3  1.068622
6      3  1.000000
7      3  0.946395
8      3  0.903090
9      3  0.867194


DCG ranking for WHOOSH is:  13.630678014265039


   Rel i       DCG
0      2  2.000000
1      2  1.261860
2      2  1.000000
3      2  0.861353
4      2  0.773706
5      2  0.712414
6      2  0.666667
7      2  0.630930
8      2  0.602060
9      2  0.578130


DCG ranking for JINA is:  9.08711867617669


_______________________________________________________________________

stainless steel black fridge

Rel i       DCG
0      3  3.000000
1      3  1.892789
2      2  1.000000
3      2  0.861353
4      2  0.773706
5      2  0.712414
6      2  0.666667
7      2  0.630930
8      3  0.903090
9      3  0.867194


DCG ranking for WHOOSH is:  11.308143251730018


   Rel i       DCG
0      3  3.000000
1      2  1.261860
2      2  1.000000
3      2  0.861353
4      2  0.773706
5      2  0.712414
6      2  0.666667
7      2  0.630930
8      3  0.903090
9      3  0.867194


DCG ranking for JINA is:  10.67721349815856


_______________________________________________________________________

14-cu ft top freezer

Rel i       DCG
0      3  3.000000
1      3  1.892789
2      3  1.500000
3      3  1.292030
4      3  1.160558
5      3  1.068622
6      3  1.000000
7      2  0.630930
8      2  0.602060
9      2  0.578130


DCG ranking for WHOOSH is:  12.72511831549744


   Rel i       DCG
0      2  2.000000
1      2  1.261860
2      2  1.000000
3      2  0.861353
4      2  0.773706
5      2  0.712414
6      2  0.666667
7      2  0.630930
8      2  0.602060
9      2  0.578130


DCG ranking for JINA is:  9.08711867617669


_______________________________________________________________________


premium levella refrigerator

 Rel i       DCG
0      3  3.000000
1      3  1.892789
2      3  1.500000
3      3  1.292030
4      3  1.160558
5      3  1.068622
6      3  1.000000
7      3  0.946395
8      3  0.903090
9      3  0.867194


DCG ranking for WHOOSH is:  13.630678014265039


   Rel i       DCG
0      0  0.000000
1      0  0.000000
2      2  1.000000
3      2  0.861353
4      2  0.773706
5      2  0.712414
6      2  0.666667
7      2  0.630930
8      3  0.903090
9      3  0.867194


DCG ranking for JINA is:  6.415353991015646


_______________________________________________________________________

white mini fridge

 Rel i       DCG
0      3  3.000000
1      3  1.892789
2      3  1.500000
3      3  1.292030
4      3  1.160558
5      3  1.068622
6      3  1.000000
7      3  0.946395
8      3  0.903090
9      3  0.867194


DCG ranking for WHOOSH is:  13.630678014265039


   Rel i       DCG
0      2  2.000000
1      3  1.892789
2      3  1.500000
3      3  1.292030
4      2  0.773706
5      2  0.712414
6      2  0.666667
7      3  0.946395
8      1  0.301030
9      3  0.867194


DCG ranking for JINA is:  10.952224695261178


_______________________________________________________________________


refrigerator with water dispenser

Rel i       DCG
0      3  3.000000
1      3  1.892789
2      3  1.500000
3      3  1.292030
4      3  1.160558
5      3  1.068622
6      3  1.000000
7      3  0.946395
8      2  0.602060
9      2  0.578130


DCG ranking for WHOOSH is:  13.040583192283169


   Rel i       DCG
0      2  2.000000
1      2  1.261860
2      2  1.000000
3      2  0.861353
4      2  0.773706
5      2  0.712414
6      2  0.666667
7      2  0.630930
8      3  0.903090
9      3  0.867194


DCG ranking for JINA is:  9.67721349815856


_______________________________________________________________________

