imperial international bucket grill

   Rel i       DCG
0      3  3.000000
1      3  1.892789
2      3  1.500000
3      3  1.292030
4      3  1.160558
5      3  1.068622
6      3  1.000000
7      3  0.946395
8      3  0.903090
9      3  0.867194


DCG ranking for WHOOSH is:  13.630678014265039


   Rel i       DCG
0      3  3.000000
1      3  1.892789
2      3  1.500000
3      3  1.292030
4      3  1.160558
5      3  1.068622
6      3  1.000000
7      3  0.946395
8      3  0.903090
9      3  0.867194


DCG ranking for JINA is:  13.630678014265039


_______________________________________________________________________

titanium portable grill

Rel i       DCG
0      3  3.000000
1      3  1.892789
2      3  1.500000
3      2  0.861353
4      2  0.773706
5      2  0.712414
6      2  0.666667
7      2  0.630930
8      2  0.602060
9      2  0.578130


DCG ranking for WHOOSH is:  11.218048429748146


   Rel i       DCG
0      1  1.000000
1      1  0.630930
2      1  0.500000
3      1  0.430677
4      1  0.386853
5      1  0.356207
6      1  0.333333
7      1  0.315465
8      1  0.301030
9      1  0.289065


DCG ranking for JINA is:  4.543559338088345


_______________________________________________________________________

cal flame propane gas grill

  Rel i       DCG
0      3  3.000000
1      3  1.892789
2      3  1.500000
3      3  1.292030
4      3  1.160558
5      3  1.068622
6      3  1.000000
7      3  0.946395
8      3  0.903090
9      3  0.867194


DCG ranking for WHOOSH is:  13.630678014265039


   Rel i       DCG
0      2  2.000000
1      2  1.261860
2      2  1.000000
3      2  0.861353
4      3  1.160558
5      3  1.068622
6      2  0.666667
7      2  0.630930
8      2  0.602060
9      3  0.867194


DCG ranking for JINA is:  10.119243496837143


_______________________________________________________________________

electric grill in white

  Rel i       DCG
0      3  3.000000
1      3  1.892789
2      3  1.500000
3      2  0.861353
4      2  0.773706
5      2  0.712414
6      2  0.666667
7      2  0.630930
8      2  0.602060
9      2  0.578130


DCG ranking for WHOOSH is:  11.218048429748146


   Rel i       DCG
0      3  3.000000
1      3  1.892789
2      3  1.500000
3      2  0.861353
4      2  0.773706
5      2  0.712414
6      2  0.666667
7      2  0.630930
8      2  0.602060
9      2  0.578130


DCG ranking for JINA is:  11.218048429748146


_______________________________________________________________________

pellet grill and smoker

   Rel i       DCG
0      3  3.000000
1      3  1.892789
2      3  1.500000
3      3  1.292030
4      3  1.160558
5      3  1.068622
6      3  1.000000
7      3  0.946395
8      3  0.903090
9      3  0.867194


DCG ranking for WHOOSH is:  13.630678014265039


   Rel i       DCG
0      2  2.000000
1      2  1.261860
2      2  1.000000
3      2  0.861353
4      3  1.160558
5      2  0.712414
6      2  0.666667
7      3  0.946395
8      3  0.903090
9      3  0.867194


DCG ranking for JINA is:  10.37953118217883


_______________________________________________________________________


21.5-in kettle charcoal grill

  Rel i       DCG
0      3  3.000000
1      3  1.892789
2      2  1.000000
3      2  0.861353
4      2  0.773706
5      2  0.712414
6      2  0.666667
7      2  0.630930
8      2  0.602060
9      2  0.578130


DCG ranking for WHOOSH is:  10.718048429748148


   Rel i       DCG
0      1  1.000000
1      1  0.630930
2      1  0.500000
3      1  0.430677
4      1  0.386853
5      1  0.356207
6      1  0.333333
7      1  0.315465
8      1  0.301030
9      1  0.289065


DCG ranking for JINA is:  4.543559338088345


_______________________________________________________________________

charcoal grill from apollo series

  Rel i       DCG
0      3  3.000000
1      3  1.892789
2      2  1.000000
3      2  0.861353
4      2  0.773706
5      2  0.712414
6      2  0.666667
7      2  0.630930
8      2  0.602060
9      2  0.578130


DCG ranking for WHOOSH is:  10.718048429748148


   Rel i       DCG
0      2  2.000000
1      2  1.261860
2      2  1.000000
3      2  0.861353
4      2  0.773706
5      2  0.712414
6      2  0.666667
7      2  0.630930
8      2  0.602060
9      2  0.578130


DCG ranking for JINA is:  9.08711867617669


_______________________________________________________________________

22-in grill from kamado

 Rel i       DCG
0      3  3.000000
1      3  1.892789
2      3  1.500000
3      3  1.292030
4      2  0.773706
5      2  0.712414
6      2  0.666667
7      2  0.630930
8      2  0.602060
9      2  0.578130


DCG ranking for WHOOSH is:  11.64872498782154


   Rel i       DCG
0      2  2.000000
1      2  1.261860
2      2  1.000000
3      2  0.861353
4      2  0.773706
5      2  0.712414
6      2  0.666667
7      2  0.630930
8      2  0.602060
9      2  0.578130


DCG ranking for JINA is:  9.08711867617669


_______________________________________________________________________

charcoal grill from picnic time

   Rel i       DCG
0      3  3.000000
1      3  1.892789
2      3  1.500000
3      3  1.292030
4      3  1.160558
5      3  1.068622
6      3  1.000000
7      3  0.946395
8      3  0.903090
9      3  0.867194


DCG ranking for WHOOSH is:  13.630678014265039


   Rel i       DCG
0      3  3.000000
1      3  1.892789
2      3  1.500000
3      3  1.292030
4      3  1.160558
5      3  1.068622
6      3  1.000000
7      3  0.946395
8      3  0.903090
9      3  0.867194


DCG ranking for JINA is:  13.630678014265039


_______________________________________________________________________


infrared gas grill

   Rel i       DCG
0      3  3.000000
1      3  1.892789
2      3  1.500000
3      3  1.292030
4      3  1.160558
5      3  1.068622
6      3  1.000000
7      3  0.946395
8      3  0.903090
9      3  0.867194


DCG ranking for WHOOSH is:  13.630678014265039


   Rel i       DCG
0      3  3.000000
1      3  1.892789
2      3  1.500000
3      3  1.292030
4      3  1.160558
5      3  1.068622
6      3  1.000000
7      3  0.946395
8      3  0.903090
9      3  0.867194


DCG ranking for JINA is:  13.630678014265039


_______________________________________________________________________

gas grill from Rogue XT

   Rel i       DCG
0      3  3.000000
1      3  1.892789
2      3  1.500000
3      3  1.292030
4      3  1.160558
5      3  1.068622
6      3  1.000000
7      3  0.946395
8      3  0.903090
9      3  0.867194


DCG ranking for WHOOSH is:  13.630678014265039


   Rel i       DCG
0      2  2.000000
1      2  1.261860
2      2  1.000000
3      2  0.861353
4      2  0.773706
5      2  0.712414
6      2  0.666667
7      2  0.630930
8      2  0.602060
9      2  0.578130


DCG ranking for JINA is:  9.08711867617669


_______________________________________________________________________

grill with 1 side burner in black

   Rel i       DCG
0      3  3.000000
1      3  1.892789
2      3  1.500000
3      3  1.292030
4      3  1.160558
5      3  1.068622
6      3  1.000000
7      3  0.946395
8      3  0.903090
9      3  0.867194


DCG ranking for WHOOSH is:  13.630678014265039


   Rel i       DCG
0      3  3.000000
1      3  1.892789
2      3  1.500000
3      3  1.292030
4      3  1.160558
5      3  1.068622
6      3  1.000000
7      3  0.946395
8      3  0.903090
9      3  0.867194


DCG ranking for JINA is:  13.630678014265039


_______________________________________________________________________

char-broil natural gas grill

Rel i       DCG
0      3  3.000000
1      3  1.892789
2      3  1.500000
3      3  1.292030
4      3  1.160558
5      3  1.068622
6      3  1.000000
7      3  0.946395
8      3  0.903090
9      3  0.867194


DCG ranking for WHOOSH is:  13.630678014265039


   Rel i       DCG
0      2  2.000000
1      2  1.261860
2      2  1.000000
3      2  0.861353
4      2  0.773706
5      2  0.712414
6      2  0.666667
7      3  0.946395
8      2  0.602060
9      2  0.578130


DCG ranking for JINA is:  9.402583552962419


_______________________________________________________________________

5-burner gas grill from broil king

Rel i       DCG
0      1  1.000000
1      3  1.892789
2      2  1.000000
3      2  0.861353
4      2  0.773706
5      2  0.712414
6      3  1.000000
7      1  0.315465
8      2  0.602060
9      2  0.578130


DCG ranking for WHOOSH is:  8.735916886295753


   Rel i       DCG
0      1  1.000000
1      2  1.261860
2      2  1.000000
3      2  0.861353
4      2  0.773706
5      2  0.712414
6      3  1.000000
7      3  0.946395
8      2  0.602060
9      3  0.867194


DCG ranking for JINA is:  9.02498171261364


_______________________________________________________________________

grill with 1 side burner in stainless steel

 Rel i       DCG
0      3  3.000000
1      2  1.261860
2      3  1.500000
3      3  1.292030
4      3  1.160558
5      3  1.068622
6      3  1.000000
7      3  0.946395
8      3  0.903090
9      3  0.867194


DCG ranking for WHOOSH is:  12.99974826069358


   Rel i       DCG
0      3  3.000000
1      2  1.261860
2      3  1.500000
3      3  1.292030
4      2  0.773706
5      2  0.712414
6      3  1.000000
7      3  0.946395
8      3  0.903090
9      3  0.867194


DCG ranking for JINA is:  12.256688266351016


_______________________________________________________________________

flat top grill

 Rel i       DCG
0      3  3.000000
1      3  1.892789
2      3  1.500000
3      3  1.292030
4      3  1.160558
5      3  1.068622
6      3  1.000000
7      3  0.946395
8      3  0.903090
9      3  0.867194


DCG ranking for WHOOSH is:  13.630678014265039


   Rel i       DCG
0      1  1.000000
1      1  0.630930
2      1  0.500000
3      1  0.430677
4      1  0.386853
5      1  0.356207
6      1  0.333333
7      1  0.315465
8      1  0.301030
9      1  0.289065


DCG ranking for JINA is:  4.543559338088345


_______________________________________________________________________

better chef grill in red

Rel i       DCG
0      3  3.000000
1      3  1.892789
2      3  1.500000
3      2  0.861353
4      2  0.773706
5      2  0.712414
6      2  0.666667
7      2  0.630930
8      2  0.602060
9      2  0.578130


DCG ranking for WHOOSH is:  11.218048429748146


   Rel i       DCG
0      3  3.000000
1      3  1.892789
2      3  1.500000
3      2  0.861353
4      2  0.773706
5      2  0.712414
6      2  0.666667
7      2  0.630930
8      2  0.602060
9      2  0.578130


DCG ranking for JINA is:  11.218048429748146


_______________________________________________________________________

built-in grill

   Rel i       DCG
0      3  3.000000
1      3  1.892789
2      3  1.500000
3      3  1.292030
4      3  1.160558
5      3  1.068622
6      3  1.000000
7      3  0.946395
8      3  0.903090
9      3  0.867194


DCG ranking for WHOOSH is:  13.630678014265039


   Rel i       DCG
0      3  3.000000
1      3  1.892789
2      3  1.500000
3      3  1.292030
4      3  1.160558
5      3  1.068622
6      3  1.000000
7      2  0.630930
8      2  0.602060
9      2  0.578130


DCG ranking for JINA is:  12.72511831549744


_______________________________________________________________________

electric grill in satin black

Rel i       DCG
0      3  3.000000
1      3  1.892789
2      3  1.500000
3      3  1.292030
4      3  1.160558
5      3  1.068622
6      3  1.000000
7      2  0.630930
8      2  0.602060
9      2  0.578130


DCG ranking for WHOOSH is:  12.72511831549744


   Rel i       DCG
0      2  2.000000
1      2  1.261860
2      2  1.000000
3      2  0.861353
4      3  1.160558
5      3  1.068622
6      3  1.000000
7      3  0.946395
8      3  0.903090
9      3  0.867194


DCG ranking for JINA is:  11.069071702620185


_______________________________________________________________________

pit boss grill

Rel i       DCG
0      3  3.000000
1      3  1.892789
2      3  1.500000
3      3  1.292030
4      3  1.160558
5      3  1.068622
6      3  1.000000
7      3  0.946395
8      3  0.903090
9      3  0.867194


DCG ranking for WHOOSH is:  13.630678014265039


   Rel i       DCG
0      3  3.000000
1      2  1.261860
2      2  1.000000
3      2  0.861353
4      3  1.160558
5      3  1.068622
6      3  1.000000
7      2  0.630930
8      2  0.602060
9      3  0.867194


DCG ranking for JINA is:  11.452576830170475


_______________________________________________________________________

pellet grill

   Rel i       DCG
0      3  3.000000
1      3  1.892789
2      3  1.500000
3      3  1.292030
4      3  1.160558
5      3  1.068622
6      3  1.000000
7      3  0.946395
8      3  0.903090
9      3  0.867194


DCG ranking for WHOOSH is:  13.630678014265039


   Rel i       DCG
0      3  3.000000
1      3  1.892789
2      3  1.500000
3      3  1.292030
4      3  1.160558
5      2  0.712414
6      2  0.666667
7      2  0.630930
8      2  0.602060
9      3  0.867194


DCG ranking for JINA is:  12.324642621373972


_______________________________________________________________________

charcoal smoker

   Rel i       DCG
0      3  3.000000
1      3  1.892789
2      3  1.500000
3      2  0.861353
4      2  0.773706
5      2  0.712414
6      2  0.666667
7      2  0.630930
8      2  0.602060
9      2  0.578130


DCG ranking for WHOOSH is:  11.218048429748146


   Rel i       DCG
0      2  2.000000
1      2  1.261860
2      2  1.000000
3      2  0.861353
4      2  0.773706
5      2  0.712414
6      2  0.666667
7      3  0.946395
8      3  0.903090
9      3  0.867194


DCG ranking for JINA is:  9.992678374944289


_______________________________________________________________________


charcoal grill in black

  Rel i       DCG
0      3  3.000000
1      3  1.892789
2      3  1.500000
3      3  1.292030
4      3  1.160558
5      3  1.068622
6      3  1.000000
7      2  0.630930
8      3  0.903090
9      3  0.867194


DCG ranking for WHOOSH is:  13.31521313747931


   Rel i       DCG
0      3  3.000000
1      3  1.892789
2      3  1.500000
3      3  1.292030
4      2  0.773706
5      3  1.068622
6      3  1.000000
7      3  0.946395
8      3  0.903090
9      3  0.867194


DCG ranking for JINA is:  13.243825207030495


_______________________________________________________________________

napoleon grill with 1 side burner

Rel i       DCG
0      3  3.000000
1      3  1.892789
2      3  1.500000
3      3  1.292030
4      3  1.160558
5      3  1.068622
6      3  1.000000
7      3  0.946395
8      3  0.903090
9      3  0.867194


DCG ranking for WHOOSH is:  13.630678014265039


   Rel i       DCG
0      2  2.000000
1      2  1.261860
2      2  1.000000
3      2  0.861353
4      2  0.773706
5      2  0.712414
6      2  0.666667
7      2  0.630930
8      2  0.602060
9      2  0.578130


DCG ranking for JINA is:  9.08711867617669


_______________________________________________________________________

grill in grey from prestige series

Rel i       DCG
0      3  3.000000
1      3  1.892789
2      3  1.500000
3      3  1.292030
4      2  0.773706
5      2  0.712414
6      2  0.666667
7      2  0.630930
8      2  0.602060
9      2  0.578130


DCG ranking for WHOOSH is:  11.64872498782154


   Rel i       DCG
0      0  0.000000
1      0  0.000000
2      0  0.000000
3      3  1.292030
4      3  1.160558
5      2  0.712414
6      2  0.666667
7      3  0.946395
8      3  0.903090
9      2  0.578130


DCG ranking for JINA is:  6.25928340679142


_______________________________________________________________________





