energy star freezer
   Rel i       DCG
0      2  2.000000
1      2  1.261860
2      2  1.000000
3      2  0.861353
4      2  0.773706
5      2  0.712414
6      2  0.666667
7      2  0.630930
8      2  0.602060
9      3  0.867194

DCG ranking for JINA is:  9.376183502494579

*********************************************************************

garage ready top-freezer
   Rel i       DCG
0      3  3.000000
1      3  1.892789
2      3  1.500000
3      3  1.292030
4      3  1.160558
5      3  1.068622
6      3  1.000000
7      3  0.946395
8      3  0.903090
9      3  0.867194

DCG ranking for JINA is:  13.630678014265039

*********************************************************************

side by side refrigerator with ice maker
   Rel i       DCG
0      3  3.000000
1      3  1.892789
2      3  1.500000
3      3  1.292030
4      3  1.160558
5      3  1.068622
6      2  0.666667
7      2  0.630930
8      2  0.602060
9      2  0.578130

DCG ranking for JINA is:  12.391784982164106

*********************************************************************

bottom-freezer refrigerator with ice maker
   Rel i       DCG
0      2  2.000000
1      2  1.261860
2      2  1.000000
3      2  0.861353
4      2  0.773706
5      2  0.712414
6      2  0.666667
7      2  0.630930
8      2  0.602060
9      2  0.578130

DCG ranking for JINA is:  9.08711867617669

*********************************************************************

black bottom-freezer refrigerator 
   Rel i       DCG
0      2  2.000000
1      2  1.261860
2      2  1.000000
3      2  0.861353
4      2  0.773706
5      2  0.712414
6      2  0.666667
7      3  0.946395
8      3  0.903090
9      2  0.578130

DCG ranking for JINA is:  9.7036135486264

*********************************************************************

instaview refrigerator
   Rel i       DCG
0      2  2.000000
1      2  1.261860
2      2  1.000000
3      2  0.861353
4      2  0.773706
5      2  0.712414
6      2  0.666667
7      2  0.630930
8      2  0.602060
9      2  0.578130

DCG ranking for JINA is:  9.08711867617669

*********************************************************************

barrel grill
   Rel i       DCG
0      3  3.000000
1      3  1.892789
2      3  1.500000
3      2  0.861353
4      3  1.160558
5      2  0.712414
6      2  0.666667
7      2  0.630930
8      2  0.602060
9      3  0.867194

DCG ranking for JINA is:  11.893966063300578

*********************************************************************

black barrel grill
   Rel i       DCG
0      3  3.000000
1      3  1.892789
2      3  1.500000
3      2  0.861353
4      2  0.773706
5      3  1.068622
6      3  1.000000
7      2  0.630930
8      2  0.602060
9      3  0.867194

DCG ranking for JINA is:  12.196653776507391

*********************************************************************

napoleon travel q grill
   Rel i       DCG
0      2  2.000000
1      2  1.261860
2      2  1.000000
3      2  0.861353
4      2  0.773706
5      2  0.712414
6      2  0.666667
7      2  0.630930
8      2  0.602060
9      2  0.578130

DCG ranking for JINA is:  9.08711867617669

*********************************************************************

189-sq portable grill
   Rel i       DCG
0      2  2.000000
1      2  1.261860
2      2  1.000000
3      2  0.861353
4      2  0.773706
5      2  0.712414
6      2  0.666667
7      2  0.630930
8      2  0.602060
9      2  0.578130

DCG ranking for JINA is:  9.08711867617669

*********************************************************************

289-sq grill
   Rel i       DCG
0      2  2.000000
1      2  1.261860
2      2  1.000000
3      2  0.861353
4      2  0.773706
5      2  0.712414
6      2  0.666667
7      2  0.630930
8      3  0.903090
9      3  0.867194

DCG ranking for JINA is:  9.67721349815856

*********************************************************************

premium kettle grill
   Rel i       DCG
0      3  3.000000
1      3  1.892789
2      2  1.000000
3      2  0.861353
4      2  0.773706
5      2  0.712414
6      2  0.666667
7      3  0.946395
8      3  0.903090
9      2  0.578130

DCG ranking for JINA is:  11.334543302197858

*********************************************************************

1500 watt electric grill
   Rel i       DCG
0      3  3.000000
1      3  1.892789
2      3  1.500000
3      3  1.292030
4      3  1.160558
5      3  1.068622
6      2  0.666667
7      2  0.630930
8      3  0.903090
9      3  0.867194

DCG ranking for JINA is:  12.981879804145976

*********************************************************************

propane grill with 4 burners
   Rel i       DCG
0      3  3.000000
1      2  1.261860
2      2  1.000000
3      2  0.861353
4      2  0.773706
5      3  1.068622
6      2  0.666667
7      3  0.946395
8      3  0.903090
9      3  0.867194

DCG ranking for JINA is:  11.348885562052311

*********************************************************************

kettle charcoal grill
   Rel i       DCG
0      3  3.000000
1      3  1.892789
2      3  1.500000
3      3  1.292030
4      3  1.160558
5      3  1.068622
6      3  1.000000
7      2  0.630930
8      2  0.602060
9      2  0.578130

DCG ranking for JINA is:  12.72511831549744

*********************************************************************

17.5 cu fridge
   Rel i       DCG
0      2  2.000000
1      2  1.261860
2      3  1.500000
3      2  0.861353
4      2  0.773706
5      2  0.712414
6      2  0.666667
7      2  0.630930
8      2  0.602060
9      2  0.578130

DCG ranking for JINA is:  9.58711867617669

*********************************************************************

silver fridge
   Rel i       DCG
0      0  0.000000
1      0  0.000000
2      0  0.000000
3      3  1.292030
4      0  0.000000
5      3  1.068622
6      3  1.000000
7      2  0.630930
8      3  0.903090
9      2  0.578130

DCG ranking for JINA is:  5.472800628743422

*********************************************************************

bottom freezer in stainless steel
   Rel i       DCG
0      2  2.000000
1      2  1.261860
2      2  1.000000
3      2  0.861353
4      2  0.773706
5      2  0.712414
6      2  0.666667
7      3  0.946395
8      2  0.602060
9      3  0.867194

DCG ranking for JINA is:  9.691648379280307

*********************************************************************

smart refrigerator
   Rel i       DCG
0      2  2.000000
1      2  1.261860
2      2  1.000000
3      2  0.861353
4      2  0.773706
5      2  0.712414
6      2  0.666667
7      2  0.630930
8      2  0.602060
9      2  0.578130

DCG ranking for JINA is:  9.08711867617669

*********************************************************************

family hub refrigerator
   Rel i       DCG
0      2  2.000000
1      2  1.261860
2      2  1.000000
3      2  0.861353
4      2  0.773706
5      2  0.712414
6      2  0.666667
7      2  0.630930
8      2  0.602060
9      2  0.578130

DCG ranking for JINA is:  9.08711867617669

*********************************************************************

red mini fridge
   Rel i       DCG
0      2  2.000000
1      2  1.261860
2      2  1.000000
3      2  0.861353
4      2  0.773706
5      2  0.712414
6      2  0.666667
7      2  0.630930
8      2  0.602060
9      2  0.578130

DCG ranking for JINA is:  9.08711867617669

*********************************************************************

dual door fridge
   Rel i       DCG
0      3  3.000000
1      2  1.261860
2      2  1.000000
3      3  1.292030
4      2  0.773706
5      3  1.068622
6      2  0.666667
7      2  0.630930
8      2  0.602060
9      2  0.578130

DCG ranking for JINA is:  10.874002421358107

*********************************************************************

lightweight grill
   Rel i       DCG
0      3  3.000000
1      3  1.892789
2      3  1.500000
3      2  0.861353
4      2  0.773706
5      2  0.712414
6      2  0.666667
7      2  0.630930
8      2  0.602060
9      2  0.578130

DCG ranking for JINA is:  11.218048429748146

*********************************************************************

pit boss pellet grill
   Rel i       DCG
0      2  2.000000
1      2  1.261860
2      3  1.500000
3      2  0.861353
4      3  1.160558
5      2  0.712414
6      2  0.666667
7      3  0.946395
8      2  0.602060
9      2  0.578130

DCG ranking for JINA is:  10.28943636019696

*********************************************************************

weber grill
   Rel i       DCG
0      3  3.000000
1      3  1.892789
2      3  1.500000
3      3  1.292030
4      3  1.160558
5      2  0.712414
6      2  0.666667
7      2  0.630930
8      3  0.903090
9      3  0.867194

DCG ranking for JINA is:  12.625672617037953

*********************************************************************

weber black grill
   Rel i       DCG
0      2  2.000000
1      3  1.892789
2      3  1.500000
3      3  1.292030
4      3  1.160558
5      3  1.068622
6      3  1.000000
7      3  0.946395
8      3  0.903090
9      2  0.578130

DCG ranking for JINA is:  12.341613187947148

*********************************************************************

white grill
   Rel i       DCG
0      2  2.000000
1      2  1.261860
2      2  1.000000
3      3  1.292030
4      3  1.160558
5      3  1.068622
6      2  0.666667
7      2  0.630930
8      2  0.602060
9      2  0.578130

DCG ranking for JINA is:  10.260855228592648

*********************************************************************

blue rhino grill
Rel i       DCG
0      2  2.000000
1      2  1.261860
2      2  1.000000
3      2  0.861353
4      2  0.773706
5      2  0.712414
6      2  0.666667
7      3  0.946395
8      3  0.903090
9      2  0.578130


DCG ranking for JINA is:  9.7036135486264


*********************************************************************

weber grill spirit
   Rel i       DCG
0      2  2.000000
1      2  1.261860
2      2  1.000000
3      2  0.861353
4      2  0.773706
5      3  1.068622
6      2  0.666667
7      2  0.630930
8      2  0.602060
9      2  0.578130

DCG ranking for JINA is:  9.443325863284713

*********************************************************************

prime pellet grill
   Rel i       DCG
0      3  3.000000
1      3  1.892789
2      3  1.500000
3      2  0.861353
4      2  0.773706
5      2  0.712414
6      2  0.666667
7      2  0.630930
8      2  0.602060
9      2  0.578130

DCG ranking for JINA is:  11.218048429748146

*********************************************************************

lifesmart grill
   Rel i       DCG
0      2  2.000000
1      2  1.261860
2      2  1.000000
3      2  0.861353
4      2  0.773706
5      2  0.712414
6      3  1.000000
7      2  0.630930
8      3  0.903090
9      2  0.578130

DCG ranking for JINA is:  9.721482005174005

*********************************************************************

12.9-cu ft fridge
   Rel i       DCG
0      2  2.000000
1      2  1.261860
2      2  1.000000
3      2  0.861353
4      2  0.773706
5      2  0.712414
6      2  0.666667
7      2  0.630930
8      2  0.602060
9      2  0.578130

DCG ranking for JINA is:  9.08711867617669

*********************************************************************

infinity fridge
   Rel i       DCG
0      3  3.000000
1      3  1.892789
2      3  1.500000
3      2  0.861353
4      3  1.160558
5      3  1.068622
6      3  1.000000
7      2  0.630930
8      2  0.602060
9      2  0.578130

DCG ranking for JINA is:  12.294441757424046

*********************************************************************

garage ready refrigerator in black
   Rel i       DCG
0      2  2.000000
1      2  1.261860
2      3  1.500000
3      2  0.861353
4      2  0.773706
5      3  1.068622
6      2  0.666667
7      3  0.946395
8      2  0.602060
9      2  0.578130

DCG ranking for JINA is:  10.258790740070442

*********************************************************************

cooluli mini fridge
   Rel i       DCG
0      3  3.000000
1      3  1.892789
2      3  1.500000
3      3  1.292030
4      3  1.160558
5      3  1.068622
6      3  1.000000
7      3  0.946395
8      3  0.903090
9      3  0.867194

DCG ranking for JINA is:  13.630678014265039

*********************************************************************

grill with rotisserie burner
   Rel i       DCG
0      2  2.000000
1      2  1.261860
2      2  1.000000
3      3  1.292030
4      3  1.160558
5      2  0.712414
6      2  0.666667
7      2  0.630930
8      2  0.602060
9      2  0.578130

DCG ranking for JINA is:  9.904648041484625

*********************************************************************

napoleon grill rotisserie
   Rel i       DCG
0      1  1.000000
1      1  0.630930
2      1  0.500000
3      1  0.430677
4      1  0.386853
5      1  0.356207
6      1  0.333333
7      1  0.315465
8      1  0.301030
9      1  0.289065

DCG ranking for JINA is:  4.543559338088345

*********************************************************************

