Query 1:

 Rel i       DCG
0      3  3.000000
1      3  1.892789
2      3  1.500000
3      3  1.292030
4      1  0.386853
5      1  0.356207
6      1  0.333333
7      1  0.315465
8      1  0.301030
9      2  0.578130


DCG ranking for WHOOSH is:  9.955836787695937


   Rel i       DCG
0      3  3.000000
1      3  1.892789
2      1  0.500000
3      2  0.861353
4      3  1.160558
5      1  0.356207
6      3  1.000000
7      1  0.315465
8      3  0.903090
9      2  0.578130


DCG ranking for JINA is:  10.567592502086253
___________________________________________________________________________________________


Query 2:

Rel i       DCG
0      2  2.000000
1      3  1.892789
2      3  1.500000
3      3  1.292030
4      3  1.160558
5      2  0.712414
6      3  1.000000
7      3  0.946395
8      3  0.903090
9      2  0.578130


DCG ranking for WHOOSH is:  11.985406000839127


   Rel i       DCG
0      3  3.000000
1      3  1.892789
2      2  1.000000
3      3  1.292030
4      3  1.160558
5      1  0.356207
6      2  0.666667
7      1  0.315465
8      2  0.602060
9      1  0.289065


DCG ranking for JINA is:  10.574840904844446

__________________________________________________________________________________

Query 3;

   Rel i       DCG
0      3  3.000000
1      3  1.892789
2      3  1.500000
3      3  1.292030
4      3  1.160558
5      3  1.068622
6      3  1.000000
7      3  0.946395
8      3  0.903090
9      3  0.867194


DCG ranking for WHOOSH is:  13.630678014265039


   Rel i       DCG
0      2  2.000000
1      3  1.892789
2      2  1.000000
3      2  0.861353
4      2  0.773706
5      2  0.712414
6      3  1.000000
7      2  0.630930
8      2  0.602060
9      2  0.578130


DCG ranking for JINA is:  10.051381763081482

_____________________________________________________________________________

Query 4

   Rel i       DCG
0      3  3.000000
1      3  1.892789
2      3  1.500000
3      3  1.292030
4      3  1.160558
5      3  1.068622
6      3  1.000000
7      3  0.946395
8      3  0.903090
9      3  0.867194


DCG ranking for WHOOSH is:  13.630678014265039


   Rel i       DCG
0      2  2.000000
1      2  1.261860
2      3  1.500000
3      3  1.292030
4      3  1.160558
5      2  0.712414
6      2  0.666667
7      2  0.630930
8      3  0.903090
9      3  0.867194


DCG ranking for JINA is:  10.994742863466495

_________________________________________________________________________

Query 5

Rel i       DCG
0      3  3.000000
1      3  1.892789
2      3  1.500000
3      3  1.292030
4      3  1.160558
5      3  1.068622
6      3  1.000000
7      3  0.946395
8      2  0.602060
9      3  0.867194


DCG ranking for WHOOSH is:  13.329648018601057


   Rel i       DCG
0      3  3.000000
1      3  1.892789
2      2  1.000000
3      2  0.861353
4      2  0.773706
5      2  0.712414
6      2  0.666667
7      3  0.946395
8      3  0.903090
9      2  0.578130


DCG ranking for JINA is:  11.334543302197858


_______________________________________________________________________
Query 6

Rel i       DCG
0      3  3.000000
1      3  1.892789
2      3  1.500000
3      3  1.292030
4      2  0.773706
5      2  0.712414
6      2  0.666667
7      2  0.630930
8      2  0.602060
9      2  0.578130


DCG ranking for WHOOSH is:  11.64872498782154


   Rel i       DCG
0      2  2.000000
1      2  1.261860
2      2  1.000000
3      2  0.861353
4      2  0.773706
5      2  0.712414
6      2  0.666667
7      3  0.946395
8      3  0.903090
9      3  0.867194


DCG ranking for JINA is:  9.992678374944289


_______________________________________________________________________

 Query  7
 
  Rel i       DCG
0      3  3.000000
1      3  1.892789
2      3  1.500000
3      3  1.292030
4      3  1.160558
5      3  1.068622
6      3  1.000000
7      3  0.946395
8      3  0.903090
9      3  0.867194


DCG ranking for WHOOSH is:  13.630678014265039


   Rel i       DCG
0      2  2.000000
1      2  1.261860
2      2  1.000000
3      2  0.861353
4      2  0.773706
5      2  0.712414
6      2  0.666667
7      2  0.630930
8      2  0.602060
9      3  0.867194


DCG ranking for JINA is:  9.376183502494579


_______________________________________________________________________

 Query  8
 
 Rel i       DCG
0      3  3.000000
1      3  1.892789
2      2  1.000000
3      2  0.861353
4      2  0.773706
5      2  0.712414
6      2  0.666667
7      2  0.630930
8      2  0.602060
9      2  0.578130


DCG ranking for WHOOSH is:  10.718048429748148


   Rel i       DCG
0      2  2.000000
1      2  1.261860
2      2  1.000000
3      3  1.292030
4      2  0.773706
5      2  0.712414
6      3  1.000000
7      3  0.946395
8      2  0.602060
9      3  0.867194


DCG ranking for JINA is:  10.455658270687035


_______________________________________________________________________

 Query   9
 
 Rel i       DCG
0      3  3.000000
1      1  0.630930
2      3  1.500000
3      3  1.292030
4      2  0.773706
5      1  0.356207
6      2  0.666667
7      2  0.630930
8      1  0.301030
9      2  0.578130


DCG ranking for WHOOSH is:  9.729628297906624


   Rel i       DCG
0      2  2.000000
1      2  1.261860
2      3  1.500000
3      3  1.292030
4      1  0.386853
5      2  0.712414
6      1  0.333333
7      1  0.315465
8      1  0.301030
9      1  0.289065


DCG ranking for JINA is:  8.392049394914611


_______________________________________________________________________

 Query   10
 
  Rel i       DCG
0      3  3.000000
1      3  1.892789
2      3  1.500000
3      3  1.292030
4      3  1.160558
5      3  1.068622
6      3  1.000000
7      3  0.946395
8      3  0.903090
9      3  0.867194


DCG ranking for WHOOSH is:  13.630678014265039


   Rel i       DCG
0      3  3.000000
1      3  1.892789
2      3  1.500000
3      3  1.292030
4      3  1.160558
5      3  1.068622
6      2  0.666667
7      2  0.630930
8      2  0.602060
9      2  0.578130


DCG ranking for JINA is:  12.391784982164106


_______________________________________________________________________

 Query   11
 
 Rel i       DCG
0      3  3.000000
1      3  1.892789
2      3  1.500000
3      3  1.292030
4      3  1.160558
5      3  1.068622
6      3  1.000000
7      3  0.946395
8      3  0.903090
9      3  0.867194


DCG ranking for WHOOSH is:  13.630678014265039


   Rel i       DCG
0      2  2.000000
1      2  1.261860
2      2  1.000000
3      2  0.861353
4      2  0.773706
5      2  0.712414
6      2  0.666667
7      2  0.630930
8      2  0.602060
9      2  0.578130


DCG ranking for JINA is:  9.08711867617669


_______________________________________________________________________

 Query   12
 
 Rel i       DCG
0      3  3.000000
1      3  1.892789
2      3  1.500000
3      3  1.292030
4      2  0.773706
5      2  0.712414
6      2  0.666667
7      2  0.630930
8      2  0.602060
9      2  0.578130


DCG ranking for WHOOSH is:  11.64872498782154


   Rel i       DCG
0      2  2.000000
1      2  1.261860
2      2  1.000000
3      2  0.861353
4      2  0.773706
5      2  0.712414
6      2  0.666667
7      2  0.630930
8      2  0.602060
9      2  0.578130


DCG ranking for JINA is:  9.08711867617669


_______________________________________________________________________

 Query  13
 
 Rel i       DCG
0      3  3.000000
1      3  1.892789
2      3  1.500000
3      3  1.292030
4      3  1.160558
5      3  1.068622
6      3  1.000000
7      3  0.946395
8      3  0.903090
9      3  0.867194


DCG ranking for WHOOSH is:  13.630678014265039


   Rel i       DCG
0      2  2.000000
1      2  1.261860
2      2  1.000000
3      2  0.861353
4      2  0.773706
5      2  0.712414
6      2  0.666667
7      2  0.630930
8      2  0.602060
9      2  0.578130


DCG ranking for JINA is:  9.08711867617669


_______________________________________________________________________

 Query  14
 
 Rel i       DCG
0      3  3.000000
1      3  1.892789
2      1  0.500000
3      1  0.430677
4      3  1.160558
5      2  0.712414
6      2  0.666667
7      2  0.630930
8      2  0.602060
9      2  0.578130


DCG ranking for WHOOSH is:  10.174224678909297


   Rel i       DCG
0      3  3.000000
1      3  1.892789
2      3  1.500000
3      3  1.292030
4      3  1.160558
5      2  0.712414
6      2  0.666667
7      2  0.630930
8      2  0.602060
9      1  0.289065


DCG ranking for JINA is:  11.746512968738196


_______________________________________________________________________

 Query  15
 
 Rel i       DCG
0      3  3.000000
1      3  1.892789
2      3  1.500000
3      3  1.292030
4      3  1.160558
5      3  1.068622
6      3  1.000000
7      3  0.946395
8      3  0.903090
9      3  0.867194


DCG ranking for WHOOSH is:  13.630678014265039


   Rel i       DCG
0      3  3.000000
1      3  1.892789
2      3  1.500000
3      3  1.292030
4      2  0.773706
5      2  0.712414
6      0  0.000000
7      1  0.315465
8      2  0.602060
9      2  0.578130


DCG ranking for JINA is:  10.666593444369145













