0.7-cu concord mini fridge in blue
   Rel i       DCG
0      2  2.000000
1      2  1.261860
2      3  1.500000
3      2  0.861353
4      2  0.773706
5      2  0.712414
6      2  0.666667
7      2  0.630930
8      2  0.602060
9      2  0.578130

DCG ranking for WHOOSH is:  9.58711867617669

*********************************************************************

12.9-cu refrigerator
   Rel i       DCG
0      2  2.000000
1      2  1.261860
2      2  1.000000
3      2  0.861353
4      2  0.773706
5      2  0.712414
6      2  0.666667
7      2  0.630930
8      2  0.602060
9      2  0.578130

DCG ranking for WHOOSH is:  9.08711867617669

*********************************************************************

14-cu ft top freezer
   Rel i       DCG
0      2  2.000000
1      2  1.261860
2      2  1.000000
3      2  0.861353
4      2  0.773706
5      2  0.712414
6      2  0.666667
7      2  0.630930
8      2  0.602060
9      2  0.578130

DCG ranking for WHOOSH is:  9.08711867617669

*********************************************************************

1500 watt electric grill
   Rel i       DCG
0      3  3.000000
1      3  1.892789
2      2  1.000000
3      2  0.861353
4      2  0.773706
5      2  0.712414
6      2  0.666667
7      2  0.630930
8      3  0.903090
9      2  0.578130

DCG ranking for WHOOSH is:  11.019078425412129

*********************************************************************

189-sq portable grill
   Rel i       DCG
0      3  3.000000
1      3  1.892789
2      3  1.500000
3      2  0.861353
4      2  0.773706
5      2  0.712414
6      2  0.666667
7      2  0.630930
8      2  0.602060
9      2  0.578130

DCG ranking for WHOOSH is:  11.218048429748146

*********************************************************************

2.8-cu ft fridge
   Rel i       DCG
0      3  3.000000
1      3  1.892789
2      3  1.500000
3      2  0.861353
4      2  0.773706
5      2  0.712414
6      2  0.666667
7      2  0.630930
8      2  0.602060
9      2  0.578130

DCG ranking for WHOOSH is:  11.218048429748146

*********************************************************************

21.5-in kettle charcoal grill
   Rel i       DCG
0      3  3.000000
1      3  1.892789
2      2  1.000000
3      2  0.861353
4      2  0.773706
5      2  0.712414
6      2  0.666667
7      2  0.630930
8      2  0.602060
9      2  0.578130

DCG ranking for WHOOSH is:  10.718048429748148

*********************************************************************

22-in grill from kamado
   Rel i       DCG
0      3  3.000000
1      3  1.892789
2      3  1.500000
3      3  1.292030
4      2  0.773706
5      2  0.712414
6      2  0.666667
7      2  0.630930
8      2  0.602060
9      2  0.578130

DCG ranking for WHOOSH is:  11.64872498782154

*********************************************************************

289-sq grill
   Rel i       DCG
0      2  2.000000
1      2  1.261860
2      2  1.000000
3      2  0.861353
4      2  0.773706
5      2  0.712414
6      2  0.666667
7      2  0.630930
8      2  0.602060
9      2  0.578130

DCG ranking for WHOOSH is:  9.08711867617669

*********************************************************************

3 burner gas grill
   Rel i       DCG
0      3  3.000000
1      2  1.261860
2      2  1.000000
3      2  0.861353
4      2  0.773706
5      2  0.712414
6      2  0.666667
7      3  0.946395
8      2  0.602060
9      3  0.867194

DCG ranking for WHOOSH is:  10.691648379280307

*********************************************************************

36-in refrigerator
   Rel i       DCG
0      2  2.000000
1      2  1.261860
2      2  1.000000
3      2  0.861353
4      2  0.773706
5      2  0.712414
6      2  0.666667
7      2  0.630930
8      2  0.602060
9      2  0.578130

DCG ranking for WHOOSH is:  9.08711867617669

*********************************************************************

4-door refrigerator
   Rel i       DCG
0      3  3.000000
1      2  1.261860
2      2  1.000000
3      2  0.861353
4      3  1.160558
5      2  0.712414
6      2  0.666667
7      2  0.630930
8      2  0.602060
9      2  0.578130

DCG ranking for WHOOSH is:  10.473971483411232

*********************************************************************

5-burner gas grill from broil king
   Rel i       DCG
0      2  2.000000
1      2  1.261860
2      2  1.000000
3      3  1.292030
4      2  0.773706
5      3  1.068622
6      2  0.666667
7      2  0.630930
8      3  0.903090
9      2  0.578130

DCG ranking for WHOOSH is:  10.175032417022088

*********************************************************************

barrel grill
   Rel i       DCG
0      3  3.000000
1      3  1.892789
2      3  1.500000
3      3  1.292030
4      3  1.160558
5      3  1.068622
6      3  1.000000
7      3  0.946395
8      3  0.903090
9      3  0.867194

DCG ranking for WHOOSH is:  13.630678014265039

*********************************************************************

better chef grill in red
   Rel i       DCG
0      3  3.000000
1      3  1.892789
2      3  1.500000
3      2  0.861353
4      2  0.773706
5      2  0.712414
6      2  0.666667
7      2  0.630930
8      2  0.602060
9      2  0.578130

DCG ranking for WHOOSH is:  11.218048429748146

*********************************************************************

black barrel grill
   Rel i       DCG
0      3  3.000000
1      3  1.892789
2      3  1.500000
3      3  1.292030
4      3  1.160558
5      3  1.068622
6      3  1.000000
7      3  0.946395
8      3  0.903090
9      3  0.867194

DCG ranking for WHOOSH is:  13.630678014265039

*********************************************************************

black bottom-freezer refrigerator
   Rel i       DCG
0      3  3.000000
1      3  1.892789
2      3  1.500000
3      2  0.861353
4      3  1.160558
5      3  1.068622
6      3  1.000000
7      3  0.946395
8      3  0.903090
9      3  0.867194

DCG ranking for WHOOSH is:  13.200001456191645

*********************************************************************

black bottom-freezer refrigerator
   Rel i       DCG
0      3  3.000000
1      3  1.892789
2      3  1.500000
3      2  0.861353
4      3  1.160558
5      3  1.068622
6      3  1.000000
7      3  0.946395
8      3  0.903090
9      2  0.578130

DCG ranking for WHOOSH is:  12.910936629873756

*********************************************************************

black kettle grill in porcelain
   Rel i       DCG
0      3  3.000000
1      3  1.892789
2      3  1.500000
3      3  1.292030
4      2  0.773706
5      3  1.068622
6      2  0.666667
7      2  0.630930
8      3  0.903090
9      3  0.867194

DCG ranking for WHOOSH is:  12.595026996911432

*********************************************************************

black refrigerator top-freezer
   Rel i       DCG
0      3  3.000000
1      2  1.261860
2      3  1.500000
3      3  1.292030
4      3  1.160558
5      3  1.068622
6      3  1.000000
7      3  0.946395
8      3  0.903090
9      3  0.867194

DCG ranking for WHOOSH is:  12.99974826069358

*********************************************************************

blue rhino grill
   Rel i       DCG
0      3  3.000000
1      3  1.892789
2      3  1.500000
3      3  1.292030
4      2  0.773706
5      2  0.712414
6      2  0.666667
7      2  0.630930
8      2  0.602060
9      2  0.578130

DCG ranking for WHOOSH is:  11.64872498782154

*********************************************************************

bottom freezer in stainless steel
   Rel i       DCG
0      2  2.000000
1      2  1.261860
2      2  1.000000
3      2  0.861353
4      2  0.773706
5      2  0.712414
6      2  0.666667
7      2  0.630930
8      2  0.602060
9      2  0.578130

DCG ranking for WHOOSH is:  9.08711867617669

*********************************************************************

bottom-freezer refrigerator with ice maker
   Rel i       DCG
0      3  3.000000
1      3  1.892789
2      3  1.500000
3      3  1.292030
4      3  1.160558
5      3  1.068622
6      3  1.000000
7      3  0.946395
8      3  0.903090
9      3  0.867194

DCG ranking for WHOOSH is:  13.630678014265039

*********************************************************************

built-in grill
   Rel i       DCG
0      2  2.000000
1      2  1.261860
2      2  1.000000
3      2  0.861353
4      2  0.773706
5      2  0.712414
6      2  0.666667
7      2  0.630930
8      2  0.602060
9      2  0.578130

DCG ranking for WHOOSH is:  9.08711867617669

*********************************************************************

cal flame propane gas grill
   Rel i       DCG
0      3  3.000000
1      3  1.892789
2      3  1.500000
3      3  1.292030
4      3  1.160558
5      3  1.068622
6      3  1.000000
7      3  0.946395
8      3  0.903090
9      3  0.867194

DCG ranking for WHOOSH is:  13.630678014265039

*********************************************************************

ceramic grill
   Rel i       DCG
0      3  3.000000
1      3  1.892789
2      3  1.500000
3      3  1.292030
4      3  1.160558
5      3  1.068622
6      3  1.000000
7      3  0.946395
8      3  0.903090
9      3  0.867194

DCG ranking for WHOOSH is:  13.630678014265039

*********************************************************************

char-broil natural gas grill
   Rel i       DCG
0      3  3.000000
1      3  1.892789
2      3  1.500000
3      3  1.292030
4      3  1.160558
5      3  1.068622
6      3  1.000000
7      3  0.946395
8      3  0.903090
9      3  0.867194

DCG ranking for WHOOSH is:  13.630678014265039

*********************************************************************

charcoal grill from apollo series
   Rel i       DCG
0      3  3.000000
1      3  1.892789
2      2  1.000000
3      2  0.861353
4      2  0.773706
5      2  0.712414
6      2  0.666667
7      2  0.630930
8      2  0.602060
9      2  0.578130

DCG ranking for WHOOSH is:  10.718048429748148

*********************************************************************

charcoal grill from picnic time
   Rel i       DCG
0      3  3.000000
1      3  1.892789
2      3  1.500000
3      3  1.292030
4      3  1.160558
5      3  1.068622
6      3  1.000000
7      3  0.946395
8      3  0.903090
9      3  0.867194

DCG ranking for WHOOSH is:  13.630678014265039

*********************************************************************

charcoal grill in black
   Rel i       DCG
0      3  3.000000
1      3  1.892789
2      3  1.500000
3      3  1.292030
4      3  1.160558
5      3  1.068622
6      3  1.000000
7      2  0.630930
8      2  0.602060
9      2  0.578130

DCG ranking for WHOOSH is:  12.72511831549744

*********************************************************************

charcoal smoker
   Rel i       DCG
0      3  3.000000
1      3  1.892789
2      3  1.500000
3      3  1.292030
4      3  1.160558
5      3  1.068622
6      3  1.000000
7      3  0.946395
8      3  0.903090
9      3  0.867194

DCG ranking for WHOOSH is:  13.630678014265039

*********************************************************************

concord mini fridge
   Rel i       DCG
0      2  2.000000
1      2  1.261860
2      2  1.000000
3      2  0.861353
4      2  0.773706
5      2  0.712414
6      2  0.666667
7      2  0.630930
8      2  0.602060
9      2  0.578130

DCG ranking for WHOOSH is:  9.08711867617669

*********************************************************************

cooluli mini fridge
   Rel i       DCG
0      3  3.000000
1      3  1.892789
2      3  1.500000
3      3  1.292030
4      3  1.160558
5      3  1.068622
6      3  1.000000
7      3  0.946395
8      3  0.903090
9      3  0.867194

DCG ranking for WHOOSH is:  13.630678014265039

*********************************************************************

counter depth black fridge
   Rel i       DCG
0      2  2.000000
1      2  1.261860
2      2  1.000000
3      2  0.861353
4      2  0.773706
5      2  0.712414
6      2  0.666667
7      3  0.946395
8      3  0.903090
9      2  0.578130

DCG ranking for WHOOSH is:  9.7036135486264

*********************************************************************

counter-depth refrigerator in black
   Rel i       DCG
0      2  2.000000
1      3  1.892789
2      2  1.000000
3      3  1.292030
4      3  1.160558
5      3  1.068622
6      2  0.666667
7      2  0.630930
8      2  0.602060
9      3  0.867194

DCG ranking for WHOOSH is:  11.180849808481993

*********************************************************************

dual door fridge
   Rel i       DCG
0      3  3.000000
1      3  1.892789
2      3  1.500000
3      3  1.292030
4      2  0.773706
5      2  0.712414
6      3  1.000000
7      2  0.630930
8      2  0.602060
9      2  0.578130

DCG ranking for WHOOSH is:  11.982058321154874

*********************************************************************

electric black grill
   Rel i       DCG
0      3  3.000000
1      3  1.892789
2      3  1.500000
3      3  1.292030
4      3  1.160558
5      3  1.068622
6      3  1.000000
7      3  0.946395
8      3  0.903090
9      3  0.867194

DCG ranking for WHOOSH is:  13.630678014265039

*********************************************************************

electric grill in satin black
   Rel i       DCG
0      3  3.000000
1      3  1.892789
2      3  1.500000
3      2  0.861353
4      3  1.160558
5      3  1.068622
6      2  0.666667
7      2  0.630930
8      2  0.602060
9      3  0.867194

DCG ranking for WHOOSH is:  12.2501732504086

*********************************************************************

electric grill in white
   Rel i       DCG
0      3  3.000000
1      3  1.892789
2      3  1.500000
3      2  0.861353
4      2  0.773706
5      2  0.712414
6      2  0.666667
7      2  0.630930
8      2  0.602060
9      2  0.578130

DCG ranking for WHOOSH is:  11.218048429748146

*********************************************************************

energy star freezer
   Rel i       DCG
0      2  2.000000
1      2  1.261860
2      2  1.000000
3      2  0.861353
4      2  0.773706
5      2  0.712414
6      2  0.666667
7      2  0.630930
8      2  0.602060
9      2  0.578130

DCG ranking for WHOOSH is:  9.08711867617669

*********************************************************************

family hub refrigerator
   Rel i       DCG
0      2  2.000000
1      2  1.261860
2      2  1.000000
3      2  0.861353
4      2  0.773706
5      2  0.712414
6      2  0.666667
7      2  0.630930
8      2  0.602060
9      2  0.578130

DCG ranking for WHOOSH is:  9.08711867617669

*********************************************************************

fingerprint resistant fridge
   Rel i       DCG
0      3  3.000000
1      3  1.892789
2      3  1.500000
3      3  1.292030
4      3  1.160558
5      3  1.068622
6      3  1.000000
7      3  0.946395
8      3  0.903090
9      3  0.867194

DCG ranking for WHOOSH is:  13.630678014265039

*********************************************************************

flat top grill
   Rel i       DCG
0      3  3.000000
1      3  1.892789
2      3  1.500000
3      3  1.292030
4      3  1.160558
5      3  1.068622
6      3  1.000000
7      3  0.946395
8      3  0.903090
9      3  0.867194

DCG ranking for WHOOSH is:  13.630678014265039

*********************************************************************

freestanding mini fridge
   Rel i       DCG
0      2  2.000000
1      2  1.261860
2      3  1.500000
3      3  1.292030
4      3  1.160558
5      3  1.068622
6      3  1.000000
7      3  0.946395
8      3  0.903090
9      3  0.867194

DCG ranking for WHOOSH is:  11.999748260693579

*********************************************************************

freezerless refrigerator
   Rel i       DCG
0      3  3.000000
1      3  1.892789
2      3  1.500000
3      3  1.292030
4      3  1.160558
5      3  1.068622
6      3  1.000000
7      3  0.946395
8      3  0.903090
9      3  0.867194

DCG ranking for WHOOSH is:  13.630678014265039

*********************************************************************

french door refrigerator with printshield
   Rel i       DCG
0      3  3.000000
1      3  1.892789
2      3  1.500000
3      3  1.292030
4      3  1.160558
5      3  1.068622
6      3  1.000000
7      3  0.946395
8      3  0.903090
9      3  0.867194

DCG ranking for WHOOSH is:  13.630678014265039

*********************************************************************

frigidaire freezer in white
   Rel i       DCG
0      3  3.000000
1      3  1.892789
2      3  1.500000
3      3  1.292030
4      3  1.160558
5      3  1.068622
6      3  1.000000
7      3  0.946395
8      3  0.903090
9      3  0.867194

DCG ranking for WHOOSH is:  13.630678014265039

*********************************************************************

garage ready refrigerator in black
   Rel i       DCG
0      2  2.000000
1      2  1.261860
2      2  1.000000
3      2  0.861353
4      2  0.773706
5      2  0.712414
6      2  0.666667
7      2  0.630930
8      2  0.602060
9      2  0.578130

DCG ranking for WHOOSH is:  9.08711867617669

*********************************************************************

garage ready top-freezer
   Rel i       DCG
0      3  3.000000
1      3  1.892789
2      3  1.500000
3      3  1.292030
4      3  1.160558
5      3  1.068622
6      3  1.000000
7      3  0.946395
8      3  0.903090
9      3  0.867194

DCG ranking for WHOOSH is:  13.630678014265039

*********************************************************************

gas grill from Rogue XT
   Rel i       DCG
0      3  3.000000
1      3  1.892789
2      3  1.500000
3      3  1.292030
4      3  1.160558
5      3  1.068622
6      3  1.000000
7      3  0.946395
8      3  0.903090
9      3  0.867194

DCG ranking for WHOOSH is:  13.630678014265039

*********************************************************************

grill in grey from prestige series
   Rel i       DCG
0      3  3.000000
1      3  1.892789
2      3  1.500000
3      3  1.292030
4      2  0.773706
5      2  0.712414
6      2  0.666667
7      2  0.630930
8      2  0.602060
9      2  0.578130

DCG ranking for WHOOSH is:  11.64872498782154

*********************************************************************

grill with 1 side burner in black
   Rel i       DCG
0      3  3.000000
1      3  1.892789
2      3  1.500000
3      3  1.292030
4      3  1.160558
5      3  1.068622
6      3  1.000000
7      2  0.630930
8      2  0.602060
9      2  0.578130

DCG ranking for WHOOSH is:  12.72511831549744

*********************************************************************

grill with 1 side burner in stainless steel
   Rel i       DCG
0      2  2.000000
1      3  1.892789
2      3  1.500000
3      2  0.861353
4      3  1.160558
5      3  1.068622
6      3  1.000000
7      2  0.630930
8      3  0.903090
9      2  0.578130

DCG ranking for WHOOSH is:  11.595471753088026

*********************************************************************

grill with 4 main burners
   Rel i       DCG
0      3  3.000000
1      3  1.892789
2      3  1.500000
3      2  0.861353
4      2  0.773706
5      2  0.712414
6      3  1.000000
7      3  0.946395
8      2  0.602060
9      3  0.867194

DCG ranking for WHOOSH is:  12.155911466185097

*********************************************************************

grill with rotisserie burner
   Rel i       DCG
0      3  3.000000
1      3  1.892789
2      3  1.500000
3      3  1.292030
4      3  1.160558
5      3  1.068622
6      3  1.000000
7      3  0.946395
8      3  0.903090
9      3  0.867194

DCG ranking for WHOOSH is:  13.630678014265039

*********************************************************************

imperial international bucket grill
   Rel i       DCG
0      3  3.000000
1      3  1.892789
2      3  1.500000
3      3  1.292030
4      3  1.160558
5      3  1.068622
6      3  1.000000
7      3  0.946395
8      3  0.903090
9      3  0.867194

DCG ranking for WHOOSH is:  13.630678014265039

*********************************************************************

infinity fridge
   Rel i       DCG
0      3  3.000000
1      3  1.892789
2      3  1.500000
3      3  1.292030
4      3  1.160558
5      3  1.068622
6      2  0.666667
7      2  0.630930
8      2  0.602060
9      2  0.578130

DCG ranking for WHOOSH is:  12.391784982164106

*********************************************************************

infrared gas grill
   Rel i       DCG
0      3  3.000000
1      3  1.892789
2      3  1.500000
3      3  1.292030
4      3  1.160558
5      3  1.068622
6      3  1.000000
7      3  0.946395
8      3  0.903090
9      3  0.867194

DCG ranking for WHOOSH is:  13.630678014265039

*********************************************************************

instaview refrigerator
   Rel i       DCG
0      3  3.000000
1      3  1.892789
2      3  1.500000
3      3  1.292030
4      3  1.160558
5      3  1.068622
6      3  1.000000
7      3  0.946395
8      3  0.903090
9      3  0.867194

DCG ranking for WHOOSH is:  13.630678014265039

*********************************************************************

kettle charcoal grill
   Rel i       DCG
0      3  3.000000
1      3  1.892789
2      3  1.500000
3      3  1.292030
4      3  1.160558
5      3  1.068622
6      3  1.000000
7      3  0.946395
8      3  0.903090
9      3  0.867194

DCG ranking for WHOOSH is:  13.630678014265039

*********************************************************************

LG wi-fi refrigerator
   Rel i       DCG
0      3  3.000000
1      3  1.892789
2      3  1.500000
3      3  1.292030
4      3  1.160558
5      3  1.068622
6      3  1.000000
7      3  0.946395
8      3  0.903090
9      3  0.867194

DCG ranking for WHOOSH is:  13.630678014265039

*********************************************************************

lifesmart grill
   Rel i       DCG
0      3  3.000000
1      3  1.892789
2      3  1.500000
3      3  1.292030
4      3  1.160558
5      2  0.712414
6      2  0.666667
7      2  0.630930
8      2  0.602060
9      2  0.578130

DCG ranking for WHOOSH is:  12.035577795056083

*********************************************************************

lightweight grill
   Rel i       DCG
0      3  3.000000
1      3  1.892789
2      3  1.500000
3      3  1.292030
4      3  1.160558
5      3  1.068622
6      3  1.000000
7      3  0.946395
8      3  0.903090
9      3  0.867194

DCG ranking for WHOOSH is:  13.630678014265039

*********************************************************************

mini fridge freezer
   Rel i       DCG
0      3  3.000000
1      3  1.892789
2      3  1.500000
3      3  1.292030
4      3  1.160558
5      3  1.068622
6      3  1.000000
7      3  0.946395
8      3  0.903090
9      3  0.867194

DCG ranking for WHOOSH is:  13.630678014265039

*********************************************************************

napoleon grill rotisserie
   Rel i       DCG
0      2  2.000000
1      2  1.261860
2      2  1.000000
3      2  0.861353
4      2  0.773706
5      2  0.712414
6      2  0.666667
7      2  0.630930
8      2  0.602060
9      2  0.578130

DCG ranking for WHOOSH is:  9.08711867617669

*********************************************************************

napoleon grill with 1 side burner
   Rel i       DCG
0      3  3.000000
1      3  1.892789
2      3  1.500000
3      3  1.292030
4      3  1.160558
5      3  1.068622
6      3  1.000000
7      3  0.946395
8      3  0.903090
9      3  0.867194

DCG ranking for WHOOSH is:  13.630678014265039

*********************************************************************

napoleon travel q grill
   Rel i       DCG
0      3  3.000000
1      3  1.892789
2      2  1.000000
3      2  0.861353
4      2  0.773706
5      2  0.712414
6      2  0.666667
7      2  0.630930
8      2  0.602060
9      2  0.578130

DCG ranking for WHOOSH is:  10.718048429748148

*********************************************************************

natural gas ruby grill
   Rel i       DCG
0      2  2.000000
1      2  1.261860
2      2  1.000000
3      2  0.861353
4      2  0.773706
5      2  0.712414
6      2  0.666667
7      2  0.630930
8      2  0.602060
9      2  0.578130

DCG ranking for WHOOSH is:  9.08711867617669

*********************************************************************

oklahoma joe grill
   Rel i       DCG
0      3  3.000000
1      3  1.892789
2      2  1.000000
3      2  0.861353
4      2  0.773706
5      2  0.712414
6      2  0.666667
7      2  0.630930
8      2  0.602060
9      2  0.578130

DCG ranking for WHOOSH is:  10.718048429748148

*********************************************************************

pellet grill
   Rel i       DCG
0      3  3.000000
1      3  1.892789
2      3  1.500000
3      3  1.292030
4      3  1.160558
5      3  1.068622
6      3  1.000000
7      3  0.946395
8      3  0.903090
9      3  0.867194

DCG ranking for WHOOSH is:  13.630678014265039

*********************************************************************

pellet grill and smoker
   Rel i       DCG
0      3  3.000000
1      3  1.892789
2      3  1.500000
3      3  1.292030
4      3  1.160558
5      3  1.068622
6      3  1.000000
7      3  0.946395
8      3  0.903090
9      3  0.867194

DCG ranking for WHOOSH is:  13.630678014265039

*********************************************************************

pit boss grill
   Rel i       DCG
0      3  3.000000
1      3  1.892789
2      3  1.500000
3      3  1.292030
4      3  1.160558
5      3  1.068622
6      3  1.000000
7      3  0.946395
8      3  0.903090
9      3  0.867194

DCG ranking for WHOOSH is:  13.630678014265039

*********************************************************************

pit boss pellet grill
   Rel i       DCG
0      2  2.000000
1      2  1.261860
2      3  1.500000
3      2  0.861353
4      3  1.160558
5      3  1.068622
6      3  1.000000
7      2  0.630930
8      2  0.602060
9      2  0.578130

DCG ranking for WHOOSH is:  10.663512003852587

*********************************************************************

portable gas grill in aluminum
   Rel i       DCG
0      3  3.000000
1      3  1.892789
2      3  1.500000
3      3  1.292030
4      3  1.160558
5      3  1.068622
6      3  1.000000
7      3  0.946395
8      3  0.903090
9      3  0.867194

DCG ranking for WHOOSH is:  13.630678014265039

*********************************************************************

premium kettle grill
   Rel i       DCG
0      3  3.000000
1      3  1.892789
2      3  1.500000
3      3  1.292030
4      2  0.773706
5      2  0.712414
6      2  0.666667
7      2  0.630930
8      2  0.602060
9      2  0.578130

DCG ranking for WHOOSH is:  11.64872498782154

*********************************************************************

premium levella refrigerator
   Rel i       DCG
0      2  2.000000
1      2  1.261860
2      2  1.000000
3      2  0.861353
4      2  0.773706
5      2  0.712414
6      2  0.666667
7      2  0.630930
8      2  0.602060
9      2  0.578130

DCG ranking for WHOOSH is:  9.08711867617669

*********************************************************************

prime pellet grill
   Rel i       DCG
0      3  3.000000
1      3  1.892789
2      3  1.500000
3      3  1.292030
4      2  0.773706
5      2  0.712414
6      2  0.666667
7      2  0.630930
8      2  0.602060
9      2  0.578130

DCG ranking for WHOOSH is:  11.64872498782154

*********************************************************************

propane grill with 4 burners
   Rel i       DCG
0      3  3.000000
1      3  1.892789
2      2  1.000000
3      2  0.861353
4      2  0.773706
5      3  1.068622
6      2  0.666667
7      3  0.946395
8      3  0.903090
9      2  0.578130

DCG ranking for WHOOSH is:  11.69075048930588

*********************************************************************

red mini fridge
   Rel i       DCG
0      3  3.000000
1      3  1.892789
2      3  1.500000
3      3  1.292030
4      3  1.160558
5      3  1.068622
6      2  0.666667
7      2  0.630930
8      2  0.602060
9      2  0.578130

DCG ranking for WHOOSH is:  12.391784982164106

*********************************************************************

refrigerator bottom-freezer
   Rel i       DCG
0      3  3.000000
1      3  1.892789
2      3  1.500000
3      3  1.292030
4      3  1.160558
5      3  1.068622
6      3  1.000000
7      2  0.630930
8      2  0.602060
9      2  0.578130

DCG ranking for WHOOSH is:  12.72511831549744

*********************************************************************

refrigerator with dual ice maker
   Rel i       DCG
0      3  3.000000
1      3  1.892789
2      3  1.500000
3      3  1.292030
4      3  1.160558
5      3  1.068622
6      3  1.000000
7      3  0.946395
8      3  0.903090
9      3  0.867194

DCG ranking for WHOOSH is:  13.630678014265039

*********************************************************************

refrigerator with water dispenser
   Rel i       DCG
0      3  3.000000
1      3  1.892789
2      3  1.500000
3      3  1.292030
4      3  1.160558
5      3  1.068622
6      3  1.000000
7      3  0.946395
8      3  0.903090
9      3  0.867194

DCG ranking for WHOOSH is:  13.630678014265039

*********************************************************************

side by side refrigerator with ice maker
   Rel i       DCG
0      2  2.000000
1      2  1.261860
2      2  1.000000
3      2  0.861353
4      2  0.773706
5      2  0.712414
6      2  0.666667
7      2  0.630930
8      2  0.602060
9      2  0.578130

DCG ranking for WHOOSH is: 9.08711867617669


*********************************************************************

side-by-side  refrigerator
   Rel i       DCG
0      3  3.000000
1      3  1.892789
2      3  1.500000
3      3  1.292030
4      2  0.773706
5      3  1.068622
6      3  1.000000
7      2  0.630930
8      2  0.602060
9      2  0.578130

DCG ranking for WHOOSH is:  12.338265508262896

*********************************************************************

silver fridge
    Rel i       DCG
0      3  3.000000
1      3  1.892789
2      3  1.500000
3      3  1.292030
4      3  1.160558
5      3  1.068622
6      3  1.000000
7      3  0.946395
8      3  0.903090
9      3  0.867194

DCG ranking for WHOOSH is:  13.630678014265039

*********************************************************************

smart refrigerator
   Rel i       DCG
0      3  3.000000
1      3  1.892789
2      3  1.500000
3      3  1.292030
4      3  1.160558
5      3  1.068622
6      3  1.000000
7      3  0.946395
8      3  0.903090
9      3  0.867194

DCG ranking for WHOOSH is:  13.630678014265039

*********************************************************************

Stainless steel  gas grill
   Rel i       DCG
0      3  3.000000
1      3  1.892789
2      3  1.500000
3      3  1.292030
4      3  1.160558
5      3  1.068622
6      3  1.000000
7      3  0.946395
8      3  0.903090
9      3  0.867194

DCG ranking for WHOOSH is:  13.630678014265039

*********************************************************************

stainless steel black fridge
   Rel i       DCG
0      3  3.000000
1      3  1.892789
2      3  1.500000
3      3  1.292030
4      3  1.160558
5      3  1.068622
6      3  1.000000
7      3  0.946395
8      3  0.903090
9      3  0.867194

DCG ranking for WHOOSH is:  13.630678014265039

*********************************************************************

stainless steel french door refrigerator
   Rel i       DCG
0      3  3.000000
1      3  1.892789
2      3  1.500000
3      3  1.292030
4      3  1.160558
5      3  1.068622
6      3  1.000000
7      3  0.946395
8      3  0.903090
9      3  0.867194

DCG ranking for WHOOSH is:  13.630678014265039

*********************************************************************

titanium portable grill
   Rel i       DCG
0      3  3.000000
1      3  1.892789
2      3  1.500000
3      2  0.861353
4      2  0.773706
5      2  0.712414
6      2  0.666667
7      2  0.630930
8      2  0.602060
9      2  0.578130

DCG ranking for WHOOSH is:  11.218048429748146

*********************************************************************

top-freezer fridge in white
   Rel i       DCG
0      3  3.000000
1      3  1.892789
2      3  1.500000
3      2  0.861353
4      2  0.773706
5      2  0.712414
6      2  0.666667
7      2  0.630930
8      2  0.602060
9      2  0.578130

DCG ranking for WHOOSH is:  11.218048429748146

*********************************************************************

weber black grill
   Rel i       DCG
0      3  3.000000
1      3  1.892789
2      3  1.500000
3      3  1.292030
4      3  1.160558
5      3  1.068622
6      3  1.000000
7      3  0.946395
8      3  0.903090
9      3  0.867194

DCG ranking for WHOOSH is:  13.630678014265039

*********************************************************************

weber grill
   Rel i       DCG
0      3  3.000000
1      3  1.892789
2      3  1.500000
3      3  1.292030
4      3  1.160558
5      3  1.068622
6      3  1.000000
7      3  0.946395
8      3  0.903090
9      3  0.867194

DCG ranking for WHOOSH is:  13.630678014265039

*********************************************************************

weber grill spirit
   Rel i       DCG
0      3  3.000000
1      3  1.892789
2      3  1.500000
3      3  1.292030
4      3  1.160558
5      3  1.068622
6      3  1.000000
7      3  0.946395
8      3  0.903090
9      3  0.867194

DCG ranking for WHOOSH is:  13.630678014265039

*********************************************************************

weber liquid propane grill
   Rel i       DCG
0      3  3.000000
1      3  1.892789
2      3  1.500000
3      3  1.292030
4      3  1.160558
5      3  1.068622
6      3  1.000000
7      3  0.946395
8      3  0.903090
9      3  0.867194

DCG ranking for WHOOSH is:  13.630678014265039

*********************************************************************

whirlpool refrigerator
   Rel i       DCG
0      3  3.000000
1      3  1.892789
2      3  1.500000
3      3  1.292030
4      3  1.160558
5      3  1.068622
6      3  1.000000
7      3  0.946395
8      3  0.903090
9      3  0.867194

DCG ranking for WHOOSH is:  13.630678014265039

*********************************************************************

white grill
   Rel i       DCG
0      3  3.000000
1      3  1.892789
2      3  1.500000
3      2  0.861353
4      2  0.773706
5      2  0.712414
6      2  0.666667
7      2  0.630930
8      2  0.602060
9      2  0.578130

DCG ranking for WHOOSH is:  11.218048429748146

*********************************************************************

white mini fridge
   Rel i       DCG
0      3  3.000000
1      3  1.892789
2      3  1.500000
3      3  1.292030
4      3  1.160558
5      3  1.068622
6      3  1.000000
7      3  0.946395
8      2  0.602060
9      2  0.578130

DCG ranking for WHOOSH is:  13.040583192283169

*********************************************************************

white refrigerator with ice maker
   Rel i       DCG
0      3  3.000000
1      3  1.892789
2      3  1.500000
3      3  1.292030
4      3  1.160558
5      3  1.068622
6      3  1.000000
7      3  0.946395
8      3  0.903090
9      3  0.867194

DCG ranking for WHOOSH is:  13.630678014265039

*********************************************************************

wi-fi fridge with ice maker
   Rel i       DCG
0      3  3.000000
1      3  1.892789
2      3  1.500000
3      3  1.292030
4      2  0.773706
5      2  0.712414
6      2  0.666667
7      2  0.630930
8      2  0.602060
9      2  0.578130

DCG ranking for WHOOSH is:  11.64872498782154

*********************************************************************

